1 1 0.697941
1 2 2.762287
1 3 2.576852
1 4 1.161623
1 9 9.25028
1 12 9.304485
1 17 5.493265
1 21 9.304485
1 22 9.48388
1 25 9.847275
1 26 9.374049
2 1 0.697941
2 2 2.762287
2 3 2.576852
2 4 1.161623
2 9 9.25028
2 12 9.304485
2 17 5.493265
2 21 9.304485
2 22 9.48388
2 25 9.847275
2 26 9.374049
4 1 9.273971
4 3 9.361209
4 4 0.999983
4 9 9.507271
4 12 9.500126
4 17 5.112717
4 21 9.500126
4 25 2.373409
5 1 9.78698
5 3 9.260519
5 17 1.432252
5 26 2.035301
6 1 5.448524
6 3 9.354342
6 4 5.157068
6 9 8.167051
6 12 0.991349
6 17 9.225846
6 21 0.991349
6 25 0.806759
7 1 9.967855
7 3 9.230487
7 4 9.499922
7 26 0.996222
8 1 9.657417
8 4 9.334151
8 9 8.556223
8 12 1.380521
8 17 9.228299
8 21 1.380521
11 1 9.422162
11 3 9.245241
11 4 9.580306
11 22 0.693249
13 1 9.266994
13 4 9.691348
13 9 8.150619
13 12 0.974918
13 17 9.258177
13 21 0.974918
15 1 9.538628
15 2 9.210921
15 4 9.248272
15 9 0.001063
15 12 9.426862
15 17 9.214214
15 21 9.426862
18 1 9.33811
18 3 9.231932
18 4 9.374028
18 25 0.775443
19 1 9.422162
19 3 9.245241
19 4 9.580306
19 22 0.693249
20 1 9.213009
20 2 0.135112
20 3 0.165674
20 4 9.491036
20 9 9.293193
20 12 9.849233
20 17 0.677522
20 21 9.849233
20 22 9.453083
20 26 9.228813
23 1 9.78698
23 3 9.260519
23 17 1.432252
23 26 2.035301
24 1 9.967855
24 3 9.230487
24 4 9.499922
24 26 0.996222
