%col 0
9298 5.741987
9256 6.558174
9083 3.872881
8963 5.230125
8757 6.608130
8662 1.821645
8643 1.873891
8397 2.582145
8394 1.223404
7817 3.148519
7219 0.710707
7104 1.351044
6845 2.500327
6791 3.454147
6558 3.263540
6295 1.891798
6211 4.556354
6100 4.698234
5996 5.204398
5963 2.532390
5897 3.747663
5856 1.900561
5795 1.891798
5542 6.280966
5355 1.283961
5211 3.113712
5209 1.847730
5162 2.130998
5015 2.013611
5007 1.976634
4943 1.129524
4847 2.653909
4715 6.449429
4695 6.533945
4589 2.821220
4576 0.087669
4556 0.138974
4402 2.821220
4240 5.907108
4114 1.821645
4089 2.062014
3836 1.930991
3510 5.214112
3362 5.327520
3106 3.492233
3075 3.653911
2988 1.798415
2840 4.635678
2831 4.451440
2809 1.691071
2571 2.266656
2406 2.013611
2359 4.890874
2281 4.031758
2253 5.170244
1831 1.641998
1546 2.498814
1452 1.994786
1251 2.821220
1047 4.567013
1000 2.206928
811 3.425783
796 2.796047
723 1.774075
690 5.644740
584 0.724710
449 4.906821
355 1.821645
217 1.018109
216 5.061729
%col 1
9295 0.987918
9293 1.865238
9228 5.384579
9127 1.648839
9125 0.654244
8158 1.962468
6175 4.698048
5734 3.102595
5339 5.384579
3842 6.539970
3615 5.183063
3433 6.539970
2938 6.539970
2629 1.962468
2281 5.786015
1926 1.591831
1430 5.451769
1047 4.377612
350 1.442896
82 5.895615
%col 2
9384 3.231864
9382 1.557286
9298 1.678042
9295 2.009321
9293 2.658698
9287 2.103566
9285 2.908919
9276 2.088914
9253 1.251278
9165 0.952529
9144 1.685138
9103 3.364369
9086 6.058632
9059 5.586978
8978 1.682233
8963 2.201234
8955 3.045497
8912 6.488365
8910 5.228621
8881 6.419664
8832 3.710359
8765 6.009555
8762 2.270946
8734 1.947543
8662 2.160313
8605 1.078223
8602 1.682690
8536 2.915734
8520 5.604977
8475 3.254356
8458 5.563404
8429 4.948456
8366 1.561296
8290 2.836920
8262 0.734409
8244 2.101259
8206 6.655732
8055 5.098741
8019 5.093835
7998 1.930080
7990 1.135476
7962 1.440254
7742 2.951283
7613 5.337425
7600 1.388153
7491 1.431743
7385 2.844004
7360 1.041547
7358 1.591496
7341 2.649980
7313 3.001367
7268 1.616224
7231 4.194500
7219 5.506250
7210 2.191509
7207 2.975373
7201 3.443856
7116 2.525344
7104 2.342559
7054 4.713124
6959 6.198258
6956 2.146204
6863 4.642554
6858 2.308049
6845 1.753577
6790 2.315626
6743 1.388154
6673 6.090551
6672 2.764425
6601 5.067795
6585 2.152220
6555 3.083994
6542 3.886370
6491 2.123732
6473 4.839418
6466 2.323212
6460 1.137331
6328 2.396555
6264 1.942873
6203 3.561809
6135 2.008466
6093 6.064490
6011 5.750950
6006 3.113563
5980 4.166551
5959 1.649805
5894 3.666375
5842 3.576357
5799 5.039902
5771 4.475543
5743 2.826541
5741 1.954158
5707 3.579002
5700 1.077978
5690 1.878224
5682 1.075712
5664 6.616381
5646 4.053576
5570 2.052641
5567 2.836080
5542 1.586036
5490 1.139226
5400 1.249603
5359 2.593009
5355 3.072135
5329 3.834964
5213 3.886370
5162 5.330404
5109 1.404981
5023 5.946271
4943 3.179335
4925 2.753145
4807 3.733671
4795 2.494929
4794 4.657084
4772 2.052641
4763 5.245740
4695 6.771282
4694 5.151954
4693 6.181270
4690 6.614398
4653 1.554902
4652 1.365524
4605 2.625848
4576 4.751020
4556 4.959429
4479 6.616381
4397 3.456405
4360 4.748203
4280 6.419664
4250 5.321006
4240 1.991744
4212 6.762212
4174 5.223742
4173 5.105501
4114 2.160313
3987 1.762492
3829 2.008466
3771 1.826340
3748 1.214065
3555 4.811033
3550 2.788002
3549 6.846565
3522 6.572738
3515 6.090551
3514 1.590190
3509 0.878914
3490 1.970298
3452 3.691650
3424 1.589998
3420 5.420036
3368 5.493890
3362 6.501878
3321 4.558183
3296 1.252060
3216 5.244875
3179 6.890875
3158 5.738019
3117 1.751077
3075 4.316053
3072 4.440007
3057 5.493939
2950 3.062319
2881 2.626740
2875 3.976472
2871 3.646152
2831 5.739911
2810 1.943108
2809 4.028308
2734 1.011395
2729 2.207511
2682 1.692925
2615 1.153822
2580 5.524275
2571 2.759872
2561 2.713948
2535 3.747000
2461 1.078190
2421 2.499936
2319 0.683887
2300 5.052145
2281 5.500028
2248 2.785822
2192 5.783043
2154 2.199759
2137 4.236889
2102 5.772693
2017 3.579002
2011 2.515579
1955 6.800630
1925 2.323212
1883 1.885747
1877 1.347733
1795 4.261907
1788 2.415867
1708 2.407950
1699 2.288385
1572 1.461865
1522 1.738373
1430 4.438419
1367 6.670090
1342 3.583142
1196 1.793354
1137 2.280741
1107 3.797610
1047 5.263168
951 5.028141
936 4.745457
912 6.813578
796 4.618351
765 1.528230
723 6.436154
722 4.778271
690 1.243021
684 3.675070
662 1.912639
592 3.359276
561 3.755063
558 1.328997
452 4.787105
447 4.426410
440 0.693972
377 1.337155
355 2.160313
326 5.168747
321 3.579002
296 1.931067
291 1.041473
286 5.742262
240 3.579002
237 5.718646
230 1.366117
156 1.254043
155 3.639669
105 1.888674
64 2.753501
20 0.698219
%col 3
9276 1.175124
9190 1.949520
9029 2.514517
8890 4.173839
8736 6.097242
8710 3.047287
8445 3.202147
8348 4.310222
8290 5.194005
8270 3.772784
8227 4.598825
8158 1.963887
8157 2.514517
8152 2.804357
8121 2.609743
8099 2.165586
7628 5.043263
7435 1.700869
7426 2.380149
7398 1.090453
7385 3.419292
7361 1.253794
7360 0.460559
7358 0.353041
7327 4.217674
7257 2.381462
7201 2.104250
7197 5.032091
7152 3.933795
7132 2.380149
7081 1.718885
7072 1.790452
7060 1.509654
6875 1.609667
6644 4.310222
6585 1.447236
6555 3.050715
6473 2.747906
6413 1.816168
6380 3.201907
6264 3.136684
6200 4.164896
6145 1.816168
6011 1.139069
5839 3.926733
5750 4.428927
5515 6.388919
5430 4.896285
5127 4.121728
4987 5.242222
4862 3.209030
4836 4.348457
4663 5.596101
4655 2.831407
4652 2.866674
4174 5.493508
4173 2.023081
4172 2.526229
3881 3.399054
3763 4.120622
3519 5.032091
3510 1.971996
3496 3.409326
3398 3.136596
3358 4.310222
3331 3.755566
3040 3.750511
2876 2.514517
2872 1.792604
2809 5.126193
2668 1.824126
2629 1.963887
2553 3.605479
2454 2.248871
2254 2.514517
2185 3.686462
2170 0.934384
1972 4.121728
1699 4.007458
1549 3.879588
1538 6.321513
1430 5.453189
1401 5.502842
1371 5.909875
1207 3.251183
1137 2.529068
1125 2.381462
1074 2.342135
1035 3.643928
926 5.020682
845 1.659707
719 5.259678
610 1.845810
592 6.590939
552 2.514517
434 2.721583
416 2.590556
350 2.899525
296 1.722266
291 0.442467
287 6.607939
230 0.439045
%col 4
9384 3.231864
9382 1.557286
9298 1.678042
9295 2.009321
9293 2.658698
9287 2.103566
9285 2.908919
9276 2.088914
9253 1.251278
9165 0.952529
9144 1.685138
9103 3.364369
9086 6.058632
9059 5.586978
8978 1.682233
8963 2.201234
8955 3.045497
8912 6.488365
8910 5.228621
8881 6.419664
8832 3.710359
8765 6.009555
8762 2.270946
8734 1.947543
8662 2.160313
8605 1.078223
8602 1.682690
8536 2.915734
8520 5.604977
8475 3.254356
8458 5.563404
8429 4.948456
8366 1.561296
8290 2.836920
8262 0.734409
8244 2.101259
8206 6.655732
8055 5.098741
8019 5.093835
7998 1.930080
7990 1.135476
7962 1.440254
7742 2.951283
7613 5.337425
7600 1.388153
7491 1.431743
7385 2.844004
7360 1.041547
7358 1.591496
7341 2.649980
7313 3.001367
7268 1.616224
7231 4.194500
7219 5.506250
7210 2.191509
7207 2.975373
7201 3.443856
7116 2.525344
7104 2.342559
7054 4.713124
6959 6.198258
6956 2.146204
6863 4.642554
6858 2.308049
6845 1.753577
6790 2.315626
6743 1.388154
6673 6.090551
6672 2.764425
6601 5.067795
6585 2.152220
6555 3.083994
6542 3.886370
6491 2.123732
6473 4.839418
6466 2.323212
6460 1.137331
6328 2.396555
6264 1.942873
6203 3.561809
6135 2.008466
6093 6.064490
6011 5.750950
6006 3.113563
5980 4.166551
5959 1.649805
5894 3.666375
5842 3.576357
5799 5.039902
5771 4.475543
5743 2.826541
5741 1.954158
5707 3.579002
5700 1.077978
5690 1.878224
5682 1.075712
5664 6.616381
5646 4.053576
5570 2.052641
5567 2.836080
5542 1.586036
5490 1.139226
5400 1.249603
5359 2.593009
5355 3.072135
5329 3.834964
5213 3.886370
5162 5.330404
5109 1.404981
5023 5.946271
4943 3.179335
4925 2.753145
4807 3.733671
4795 2.494929
4794 4.657084
4772 2.052641
4763 5.245740
4695 6.771282
4694 5.151954
4693 6.181270
4690 6.614398
4653 1.554902
4652 1.365524
4605 2.625848
4576 4.751020
4556 4.959429
4479 6.616381
4397 3.456405
4360 4.748203
4280 6.419664
4250 5.321006
4240 1.991744
4212 6.762212
4174 5.223742
4173 5.105501
4114 2.160313
3987 1.762492
3829 2.008466
3771 1.826340
3748 1.214065
3555 4.811033
3550 2.788002
3549 6.846565
3522 6.572738
3515 6.090551
3514 1.590190
3509 0.878914
3490 1.970298
3452 3.691650
3424 1.589998
3420 5.420036
3368 5.493890
3362 6.501878
3321 4.558183
3296 1.252060
3216 5.244875
3179 6.890875
3158 5.738019
3117 1.751077
3075 4.316053
3072 4.440007
3057 5.493939
2950 3.062319
2881 2.626740
2875 3.976472
2871 3.646152
2831 5.739911
2810 1.943108
2809 4.028308
2734 1.011395
2729 2.207511
2682 1.692925
2615 1.153822
2580 5.524275
2571 2.759872
2561 2.713948
2535 3.747000
2461 1.078190
2421 2.499936
2319 0.683887
2300 5.052145
2281 5.500028
2248 2.785822
2192 5.783043
2154 2.199759
2137 4.236889
2102 5.772693
2017 3.579002
2011 2.515579
1955 6.800630
1925 2.323212
1883 1.885747
1877 1.347733
1795 4.261907
1788 2.415867
1708 2.407950
1699 2.288385
1572 1.461865
1522 1.738373
1430 4.438419
1367 6.670090
1342 3.583142
1196 1.793354
1137 2.280741
1107 3.797610
1047 5.263168
951 5.028141
936 4.745457
912 6.813578
796 4.618351
765 1.528230
723 6.436154
722 4.778271
690 1.243021
684 3.675070
662 1.912639
592 3.359276
561 3.755063
558 1.328997
452 4.787105
447 4.426410
440 0.693972
377 1.337155
355 2.160313
326 5.168747
321 3.579002
296 1.931067
291 1.041473
286 5.742262
240 3.579002
237 5.718646
230 1.366117
156 1.254043
155 3.639669
105 1.888674
64 2.753501
20 0.698219
%col 5
9227 4.202232
6738 4.754029
5928 0.006559
4242 0.730345
3771 0.910109
571 4.754029
%col 6
8503 2.885466
7302 2.061244
6976 3.659284
6738 2.162115
6443 2.136994
6380 2.400987
6331 1.618329
6066 1.601698
5894 1.527867
5526 5.339199
5464 3.134361
5251 2.838685
5146 3.600672
4373 4.013378
3384 6.271067
3040 2.949590
2682 1.226016
2542 1.808981
2248 0.751513
1552 2.677767
1546 2.427556
1207 2.450262
919 6.529403
595 5.339199
571 2.162115
301 5.498886
232 2.569145
%col 7
6849 5.999680
6847 3.030146
6805 1.151190
6667 4.707033
6629 2.358092
6558 3.081823
6317 4.786497
5999 1.742765
4835 3.727539
4386 2.506738
2809 4.967182
2596 2.932427
2594 2.400911
1207 1.657099
1206 0.414435
1205 0.285626
702 0.525119
536 4.125833
%col 8
9309 3.610212
8980 3.945322
8979 2.058779
8894 2.235049
8877 6.847006
8201 2.267578
8190 3.401194
7741 2.747740
7244 2.553803
7214 1.855446
6970 2.667611
6812 1.855446
6790 5.102658
6331 6.861027
6330 2.127172
6203 2.157774
6101 1.425570
6062 2.975836
5967 1.680669
5890 3.055912
5820 3.659025
5819 0.028199
5615 3.610212
5394 2.553803
5173 1.832825
4630 2.962163
4597 2.667611
4167 2.758792
4003 2.032504
3960 2.553803
3887 2.758792
3603 2.667611
3499 1.663145
3269 4.577512
3265 5.158022
2832 2.032504
2758 1.832825
2746 5.361782
2513 2.758792
2234 2.058779
2119 6.489293
2046 2.758792
1596 2.747740
1572 3.242551
1000 2.098220
942 1.832825
715 2.667611
565 2.032504
326 4.941460
173 2.758792
%col 9
5621 4.631842
5263 1.111557
5262 0.092615
1499 5.204000
