1 1 0.983881
1 2 2.634101
1 3 1.499865
1 4 0.963077
1 9 2.663809
1 12 4.798786
1 17 2.111506
1 21 4.798786
1 26 6.074172
2 1 0.983881
2 2 2.634101
2 3 1.499865
2 4 0.963077
2 9 2.663809
2 12 4.798786
2 17 2.111506
2 21 4.798786
2 26 6.074172
4 1 4.303893
4 4 1.985528
4 9 5.772577
4 12 4.243427
4 17 1.952354
4 21 4.243427
4 25 1.211724
5 3 3.859478
5 17 1.842135
5 26 1.763720
6 1 2.639621
6 4 2.845070
6 9 2.851943
6 12 1.322793
6 17 3.240898
6 21 1.322793
6 25 1.404745
7 3 3.281988
7 4 6.891024
7 26 1.186230
8 4 4.775418
8 9 2.969263
8 12 1.440113
8 17 6.328466
8 21 1.440113
11 3 6.851810
11 22 0.700216
13 1 6.706391
13 9 2.581871
13 12 1.052721
13 17 3.141987
13 21 1.052721
15 1 6.034836
15 2 1.401634
15 4 5.021051
15 9 0.412793
15 12 2.147453
15 17 4.058838
15 21 2.147453
18 3 6.570210
18 25 0.783551
19 3 6.851810
19 22 0.700216
20 1 1.816389
20 2 0.493905
20 3 0.841110
20 4 3.740851
20 9 4.508168
20 17 1.621446
20 22 4.977444
20 26 3.173803
23 3 3.859478
23 17 1.842135
23 26 1.763720
24 3 3.281988
24 4 6.891024
24 26 1.186230
