1 1 0.361876
1 2 0.361876
1 4 0.972478
1 5 3.707984
1 6 1.100058
1 7 2.783312
1 8 2.466390
1 11 2.813969
1 13 3.785513
1 15 3.731614
1 18 5.072301
1 19 2.813969
1 20 0.433509
1 23 3.707984
1 24 2.783312
2 1 6.904722
2 2 6.904722
2 15 2.434297
2 20 1.915572
3 1 3.805107
3 2 3.805107
3 4 2.815739
3 5 1.262609
3 7 1.023492
3 11 1.022669
3 18 0.759841
3 19 1.022669
3 20 2.406044
3 23 1.262609
3 24 1.023492
4 1 1.345645
4 2 1.345645
4 4 0.900474
4 6 3.262018
4 7 1.950351
4 8 1.851556
4 11 1.954403
4 15 3.375874
4 18 4.835613
4 19 1.954403
4 20 2.508833
4 24 1.950351
9 1 4.814023
9 2 4.814023
9 6 3.092222
9 8 2.031008
9 13 2.652070
9 15 0.343598
9 20 5.281646
12 4 6.791898
12 6 1.531408
12 8 1.189934
12 13 1.091256
12 15 2.923546
17 1 4.543168
17 2 4.543168
17 4 2.446785
17 5 1.100093
17 6 1.891311
17 8 3.993730
17 13 1.451158
17 15 3.283449
17 20 3.663363
17 23 1.100093
21 4 6.791898
21 6 1.531408
21 8 1.189934
21 13 1.091256
21 15 2.923546
22 11 0.823824
22 19 0.823824
25 4 2.713584
25 18 0.657685
26 5 1.022435
26 7 0.828728
26 20 6.108901
26 23 1.022435
26 24 0.828728
